{
  "count": 80,
  "timeScale": 36.55244029075805,
  "startRandom": 0.5316718587746625,
  "lifeTime": 2.104534440983039,
  "lifeTimeRandom": 1.2184146763586017,
  "distance": 4.430598823122188,
  "distanceRandom": 0,
  "sizeFrom": 3.2699083861874563,
  "sizeTo": 5.863284002818887,
  "sizeDuration": 0.6201550387596899,
  "texRotFrom": 1,
  "texRotTo": 1,
  "texRotDuration": 1,
  "redFrom": 1,
  "redTo": 1,
  "redDuration": 1,
  "greenFrom": 1,
  "greenTo": 0,
  "greenDuration": 1.2966878083157152,
  "blueFrom": 0.6765327695560254,
  "blueTo": 0,
  "blueDuration": 1,
  "alphaFrom": 1,
  "alphaTo": 0,
  "alphaDuration": 1,
  "positionEasing": "5",
  "sizeEasing": "12",
  "texRotEasing": 0,
  "redEasing": 0,
  "greenEasing": "0",
  "blueEasing": "0",
  "alphaEasing": 0
}

{
  "count": 60,
  "scale": 0.9968847352024922,
  "timeScale": 36.55244029075805,
  "startRandom": 0.5981308411214953,
  "lifeTime": 2.104534440983039,
  "lifeTimeRandom": 1.2184146763586017,
  "distance": 2.6583592938733123,
  "distanceRandom": 0.9968847352024922,
  "sizeFrom": 2.029598308668076,
  "sizeTo": 6.5398167723749125,
  "sizeDuration": 0.3946441155743481,
  "texRotFrom": 1,
  "texRotTo": 1,
  "texRotDuration": 1,
  "redFrom": 1,
  "redTo": 1,
  "redDuration": 1,
  "greenFrom": 1,
  "greenTo": 0,
  "greenDuration": 1.127554615926709,
  "blueFrom": 0.6765327695560254,
  "blueTo": 0,
  "blueDuration": 1,
  "alphaFrom": 1,
  "alphaTo": 0,
  "alphaDuration": 1.2403100775193798,
  "positionEasing": "5",
  "sizeEasing": "12",
  "texRotEasing": 0,
  "redEasing": 0,
  "greenEasing": "0",
  "blueEasing": "0",
  "alphaEasing": 0
}

